A = [1,1,1,1,1; 0,1,1,1,1; 0,0,1,1,1; 0,0,0,1,1; 0,0,0,0,1;];
b = [10000000; 500000; 50000; 10000; 2500];

x = A^-1*b;
